30131132012003313211002123023113123311201102231200
10110000000111300303012303103220012332201011212113
11111111111111111111111111111111111111111111111111
33333333333333333333333333333333333333333333333333
10111101111111111111111111111111111111111111111113
30000002311103203333122111211211220112021110002310
30000002311103203333122111211211220112021110002310
30000002311103203333122111211211220112021110002310
30000002311103203333122111211211220112021110002310
30000002311103203333122111211211220112021110002310
30000002311103203333122111211211220112021110002310
30000002311103203333122111211211220112021110002310
30000002311103203333122111211211220112021110002310
30000002311103203333122111211211220112021110002310
10030230010100313033211132232233332203130101210101
10030230010100313033211132232233332203130101210101
10111111101110111111101111111110111111111111111111
10111111101110111111101111111110111111111111111111
10111111101110111111101111111110111111111111111111
10111111101110111111101111111110111111111111111111
10111111101110111111101111111110111111111111111111
10111111101110111111101111111110111111111111111111
10111111101110111111101111111110111111111111111111
10111111101110110011121111111121102111111101111101
10111111101110111111101111111110111111111111111111
10111111101110111111101111111110111111111111111111
10111111101110111111101111111110111111111111111111
11111111111111111111111113111111111111111111111111
11111111111111311111111111111111111111111111111111
10111111101110111111101111111110111111111111111111
10111111101110111111101111111110111111111111111111
10111111101110111111101111111110111111111111111111
10111111101110111111101111111110111111111111111111
10111111101110111111101111111110111111111111111111
10111111101110111111101111111110111111111111111111
10111111101110111111101111111110111111111111111111
10111111101110111111101111111110111111111111111111
10111111101110111111101111111110111111111111111111
10111111101110111111101111111110111111111111111111
10111111101110111111101111111110111111111111111111
10111111101110111111101111111110111111111111111111
10111111101110111111101111111110111111111111111111
10111111101110111111101111111110111111111111111111
10111111101110111111101111111110111111111111111111
10113012101110111111111111111111120113111111111111
10111111101110111111101111111110111111111111111111
10111111101110111111101111111110111111111111111111
10111111101110111111101111111110111111111111111111
10111111101110111111101111111110111111111111111111
10111111101110111111101111111110111111111111111111
10111101111111111111111111111111111111111111111111