10113333333131111111111111111111101111111111111111
10113333333123113011111111111111111111111111111111
10113333333131113111111111111111111110211111111111
10113333333123111111111111111121111111111121111111
11111231113111211111133111111111111113211111311111
11113322112111101111123111111111101111101111111121
10113333331111121111111111111011111111111311110111
10113333333332111111111111111111121111111111111111
30333333333333333333333333333333333333333333333333
10113333333212111111111111111111121111131111111111
10113333323211211111111111111111131011111111111121
10113333333131311111111111111111111111131111111111
10113333333121111111110111111111111111111111111311
10113332333130101111111111111111111111111311111111
10113333233131111111111111111211111111121111112131
10113333333123111111131111111111111111111001111111
10113333331211121111111111111111111111111311111111
10113333221111110311111111111011111111101111111111
10113333332133111111111111111111111111111111111211
10113333331132201111101111111311111111211111111111
32333333333333333333333333333133333333333333333333
10113332333132112111111111111111111110011131112111
10113333333213111111101111111111121111111111111111
10113333333321111311111111111112111111111111011111
30333333333333333333333333333333333333333333333333
10113333333131113111111111111111111111110101111131
10113333333111111111111111111211111111311111111011
10113333333113111111131111111111112111121111111111
10113333333321111111111111111111111111211131111131
11112332112131112111121112111111121011111111111111
10113333333121111111111111111111112111111111111011
10113333333133113111111111111111201111111211111111
10113333332312113111131111111111311111111111111111
10113333333133311111111111111121111111111111111111
10113333333133311111111111111111112111111111111111
33233333333333333333333333333033333330333333333333
10113333333233111111121111111111111111111101111111
10113333322112111111111111111111111112211110111111
10113333333133211111111111111111111111111111111121
10113333333121113011111111111111111111111111111111
11112322211132131111133111111131121111111111111111
10113333331133111111111111111110101111211111110111
10113333333121111101111111111111111111111111111111
30333333333333333333333333333333333333333333333333
10113333333131311111111111111111111111111211121111
10113333233331111311111111111111111111231111111111
11111212113131131111120111111111111111111111111111
10113333322113111111111111111111111111111112131111
10113333333121113011111111111111111111111111111111
30333333333333333333333333333333333333333333333333
10113333331123311101111111111111111111111111111111
10113332233321111111111111111111111111111111110111
10113333332133111111111111111111311111111111111111
10113333333131311111111111111111011111111111310111
10113333333133331211111111111111111111111111111111
10113333332131311011111111111111111111111111101111
10113333333323111111111111111112111111111111111111
10113333333123111131121111111111111112111111111111
10113333333212111111111111111111111113111131111111
10113333333133211111111111111111112111211111111111
10113333333233111111111111111111031111111111111111
11113333311133231111311111111111111110111111310111
10113333333133311111111111111111113111111111111131
10113333333133311111111111111121111111111111111111
10113333333122111111111111111111111111111111311111
10113333333121113111111111111110111111111111111112
10113333333111111111111111111111210111113111211111
10113333333131110111111111111111111111131011111111
10113333333333111111111111111131111111131111111111
10113333333133111111111111111111011111111111111111
30333333333333333333333333333333333333333333333333
10113333333133211311111111111111111111111111111111
10113333333131113111121111111111111112111311111111
10113333332122113111111111111111111111111111121111
10113333333131113111111111111111111111111011111111
10113333333133011211111111111111111111111111111111
11111313311112211111113111111121111111111111111111
10113333333133211111111111111111113111111111112111
10113333333113111111111111111111111111111110111211
11112332211132231211113111111111111111122111111111
11113333221112111211113111111111110101111111111111
11111111131111111111311111111111101111101111111111
30333333333333333333333333333333333333333333333333
10113333333132111111111111111111111111111111111111
30333333333333333333333333333333333333333333333333
11113323111122331111113111111111101111111111131111
10113333333232111111111111111111111111111121311111
10113333333132111111111111111111111111111111111111
10113333332133111111111111111101111111111111111111
10113333333132111111111111111111111111111111111111
10113333333131111111111111111111111113211111111111
10113333333133111111131111111131112111111111310111
10113333333132311111112111111111111111111111101111
10113333333331113111111111111111121111131111311111
10113333333133113111121111111111111113111111113111
10113333333131111111111111111111111111111110331111
10113333333133311111111111111111111111211111111111
10113333333132111111111111111111111111111111111111
10113333333133111111111111111111111111111111221111
10113333333231111111111111111111111111111311121111
10113333233133011111111111111211111111111111111111
10113333333211111111111111111111311111111211111111
32333333333333333333333333333133333333333333333333
10113333333133111111111111111111111111111111121121
12113332233321111111101111111111111311111111111111
30333333333333333333333333333333333333333333333333
10113333333133111111111111111111121111311111111021
10113232233333111311111111111111111111111111111111
30333333333333333333333333333333333333333333333333
10113333333331111111111111111111111111111110211111
10113333333133111111111111111131111111111311121111
10113333133313113111111111111111111111111111111111
10113333333131111111101111111111111111111111111111
10113333333133111111111111111111111111111111131131
10113333333131113111111111111111111111111111101111
10113333333133313111111111111131111111111112111111
11112323211131211111133111111111111111321111311111
10113333233132211111111111111011111111111111111111
10113333333213111111111111111111311111111101111111
10113333331121203111111111111111111111211111111111
10113333333312111111131111111111133111111111111111
10113333333121111311111111111111111111111011011111
10113333333131111111101111111111111111111111111111
11111111111111111110011111111131111111131111111111
10113333333133131111111111111111111111111111123111
10113333333130111111111111111011121111111111111111
10113333333211121111111111111111011111111111111121
10113333333123111111131111111111111111111131111111
10113333332132101111111111111111011111111111111111
10113333333133311011111111111111111111111111121211
30333333333333333333333333333333333333333333333333
10113333333133111111111111111111111112111112111111
21113321211231131111111111111112111011011111111121
10113333322132111111111111111211111111111111112111
11113333311131301111110111111111201111111111031111
32333333333333333333333333333133333333333333333333
10113333332113111121111111111111111111211211131111
11113333211131111111111011111121121111111111111111
10113333333133111111111111111111111111111112111121
10113333332221111311111111111111311111111111121011
10113333333132111111111111111111111111111111111111
10113333333320113131111111111111111111111311111111
10113333333131113321111111111111111113111111111111
10113333333132111111111111111111111111111111111111
10113333331331112311111111111111111111312111111111
10113333333231111011111111111111111111110111111111
10113333333231111111131111111111111111111111111111
11112332112113111111021111111111110111111111013111
10113333333133211111111111111111311111111111111111
30333333333333333333333333333333333333333333333333
10113333333133311111111111111111111112211121111211
10113333232133111111111111111111111111111110211111
10113333223311131111111111111111111111131112111111
10113333333323111111111111111112111111111111111111
10113332331333111111111111111111131111311111111111
10113333332133111211111111111111111111111110121111
10113332333133121111111111111111111111111111123111
10113333333313111111111111111113101111111121111111
10113333333133313111111111111111113111111111111111
32333333333333333333333333333133333333333333333333
11112332111110211131113111111111113111111111211111
11113333311111231311113111111111121111111111111111
11113332131132301113021111111121131131111111111111
30333333333333333333333333333333333333333333333333
10113333333231111111111111111121011111110111111111
10113333331133111111131111111111112111111111111121
11112323131310111113113111111111111111311111331111
10113333333132111111111111111111111111111111111111
10113333333132111111111111111111111111111111111111
10113333333133111111111111111121110111111111111111
10113333333131111011111111111111111112111111111111
10113333333131110211111111111111111111111111111111
10113333333133111111111111111111111111231211111111
10113333333132111111111111111111111111111111111111
10113333333121111311111111111111111111211211131111
11113332211133201111301111111111111111111111111111
10113333333321113111121111111111111111111211111111
10113333333212111111111111111111111111111111111131
10113333333132111111111111111111111111111111101111
10113333331122301111111111111011131111111111111111
10113333233133211111111111111110311111111111101111
11111111311110121112111110111111231111211111111111
10113333332123311111101111111111111111111113111131
10113333333122111111111111111111111111110111111101
10113333333331112111111111111111111111111111131111
10113333333231123111111111111111111111111111111111
10113333333132111111111111111111111111111111121111
10113333333131111111101111111111111111111111111111
21211303311111231111111111111111011011111111111111
10113333333133111311111111111111113111111111110111
10113333333131113111111111111111111113111111111121
10113333333131111101111111111111111111111011111111
10113333333133111111111111111121111112111111111111
10113333332133111111111111111111311111112111211111
10113333333132111111111111111111101111111111111111
10113333333131111111111111111112110111111111111111
10113333133133301111111111111111111111211111111011
10113333333311131111111111111111103111111311111111
11113323311121211211113111111111112111011111111111
10113333333132111111111111111111111111111111111111
10113333333212111111121111111111111111111111111131
11111231111111111111131113111111111111213111331111
10113333333133111111111111111111111111211311111111
11111111111131111111011111111121121111111111111111
10113333332131211111111111111111211111121101111111
11113332131131031111110111111111131111111111111111
10113333332112111111112111111131111111111311211111
10113333333133111111111111111111112111111111330111
11113330212111111111211111111111111111111111111111
10113333333133211111111111111111111111111011111111
30333333333333333333333333333333333333333333333333
10113333333123311111111111111111111111111111111211
10113333333132111111111111111121111111211131111111
10113333331111113111113111111133111111111111111111
10113333333321111111111111111111011111101131111111
10113333331123211111111111111011111111111111111111
10113333333133111111111111111121111111211301111111
10113333321210111211112111111111111111211111111111
10113333333132111111111111111111111111111111111111
10113333333111111111111111111111131111111111111111
10113333333231121111111111111111111111110111111111
10113333333111111111111111111111111112111111111111
10113333333131111111101111111111111111111111111111
10113333333132111111111111111111121111111113011111
10113333333111113111211111111111111111111111311211
10113333333122111011111111111111111111111101111111
10113333333232111111111111111111111111111101111111
10113333333332111111111111111111121111111111111111
10113333333131121111111111111111113111110111111111
11113333221112011111211111111121111111111111211111
30333333333333333333333333333333333333333333333333
30333333333333333333333333333333333333333333333333
12113333332131111111111111111111111311111111111311
10113333323133111111111111111111111111111111113211
10113333333313113111111111111111111111111111111111
10113333333221111111131111111111111111121111111111
10113333333131111011111111111111111111211111111111
30333333333333333333333333333333333333333333333333
10113333333131113111111111111111111111111011111111
11113333111133321111211111111111211110113121111111
10113333333133011031111111111111111111113111111111
10113333332231111211111111111111101111111111111111
10113333333131111111111111111111112111111011211111
10113333333131111111121111111111111111111111111111
10113333333231111111111111111111101111111211131011
10113333333231111011111111111111111111110111111111
11113333111133011111331111111112113111311111111111
10113333333133111111111111111131111111111111101111
30333333333333333333333333333333333333333333333333
10113333333131111111111111111111111112111211111111
10113333333123311111111111111121111111112111111111
10113333333322111111111111111111301111101111111111
10113333333133111111111111111111011111111111111111
10113333333121221111111111111111111111111101111111
10113333333131121111111111111111111111111131011111
10113333322121111111211111111111111111111121111111
10113333333121131111111111111211111111111131101111
10113333332133111111131111111111311111121111111111
11113233111113331111211111111111311111321111111111
11111331111111311311132111111133113113211111110111
10113333231230112111111111111111111111111111111112
12113333332131111211111111111111111311011111111111
10113333333133111311111111111111111111111111111111
30333333333333333333333333333333333333333333333333
10113333331133110111111111111111110111131111311111
10113333333132111111111111111111111111111130111111
10113333231312111111111111111111211111121111111111
10113333333132111111111111111111101111111111111111
01111111111111111111111111111112111111112211101111
10113333333231111111121111111110111111111111111131
10113333333133111111111111111111211111121111111111
10113333311322333101111111111111111111211111311111
10113332331213111211111111111110111111111111111121
10113333333121121111111111111112111111111111101111
11113332211131311111311111111111020111111111111111
10113333333123311111131111111111111111111211111111
10113333332133111111111111111111311111110111111111
11112333311111121111110111111111111111011111111111
10113333332121113101111111111111111111111111131111
10113333331231211111111111111111131111111111111111
11213313212113112111131111111111212011111111111111
12113333331132312111111111111111111311111111110211
10113333331131121111111111111111111111111113131111
10113332333133102111111111111111111111211111111111
10113333333132111111111111111111111111111111111111
10113333333211111111111111111111111112111101111111
30333333333333333333333333333333333333333333333333
30333333333333333333333333333333333333333333333333
10113333333132111111111111111111111111111111111111
10113333333133111111111111111101121111311111111111
10113333331133211011111111111111111111111101111111
32333333333333333333333333333133333333333333333333
10113333331133112111111111111111111111121111111111
10113333333133113111111111111111211111131111311111
11112223311122111111133111111111131111131111031111
10113333333222111111111111111101111111111111111211
10113333333133111111111111111111113111111111111111
10113333333123111101111111111111111111111111111111
11111111011101111311321111111111111111111111111111
32333333333333333333333333333133333333333333333333
30333333333333333333333333333333333333333333333333
10113333333133111111111111111121111111111111111111
10113333333132111031111111111111111111111111111111
10113333332133211111111111111111111111111111111111
10113333333131111111111111111111111111101111111111
10113333223221131111111111111121113111111111111111
10113333332111111111111111111211111111111101111111
10113333333131121111111111111111111111011101111111
10113333333133211111101111111111111111111111111111
10113333332131311111111111111111131111111110111111
10113333333133211111111111111111111111111111131111
10113333233312111111111111111111111111101100111111
10113333331133111111111111111111111111111111113111
10113332321331011111121111111111111111111111111111
10113333333113111111111111111111131111110311111111
10113333333133111111111111111111111111311111111111
10113333333133111011111111111111121111111111111111
10113333333313013111111111111111113111311111111111
10113333332131111111111111111211111111111111111111
10113333333133111111111111111131111111111111101111
10113333333211111111111111111111311111111311111110
10113333333112101111111111111111211111111111111111
10113333333131111111111111111111111111101111111111
10113333333211111111111111111111311111111111211111
10113333223133301111111111111111111111111121113111
10113333333131113111111111111111111111111101111111
10113333232121111111111111111101111110111111112111
10113333333132111111111111111111111111111111111111
10113333333133111111111111111111111111111111111311
11113333311132011111211111111111111111113111111111
10113333333133111011111111111111112111111111111111
10113333333133111111111111111111211111131011111111
10113333331231211111111111111111131111111111111111
10113333333131113111111111111110111111111111131111
10113333333131111111121111111111111111111111111111
11111211111111111011011111111121111111121111111111
10113333333321111111101111111111111111111111111011
10113333333132111111111111111111111111111111111111
10113333333133311211111111111111111111111101111111
30333333333333333333333333333333333333333333333333
10113333331133111111111111111111111111111111113111
10113333333123311111111111111113111111111111111111
10113333331332111111111111111111311111111111111111
11113311131112111111311111111111111111111111011111
32333333333333333333333333333133333333333333333333
10113333321123311111111111111110111111113111110111
10113333333122211111111111111113131111131111111111
30333333333333333333333333333333333333333333333333
11112333311111121111110111111111111111011111111111
30333333333333333333333333333333333333333333333333
10113333333112111111111111111111111111113111111111
11111322111131311111132111111111110113211111121111
10113333333133113111111111111111113111111211111111
10113333333133311111111111111112113111111110111111
11112331131133011111310111111131111111331111311113
30333333333333333333333333333333333333333333333333
10113333332132111111111111111101111111103111111111
11112232111133331311333111111131111111111111111111
10113333333133111111111111111131111111111211111111
10113333333133111111121111111111111111231111101111
10113333333133111111111111111111111111311101111111
10113333331212121111111111111111110111111111101111
10113333333111311111111111111111111113210111111111
11113332311113321111113111111111113113011111111111
10113333333312111111111111111121111111111101311311
10113333333212311111111111111111111111311111111011
10113333333133111111111111111131111111110111111121
10113333332132111111111111111101111111110111111111
10113333332211113111111111111111111111111111111111
11113333211123111111301111111111121111131111131111
11111111111111111311132111111131111111111131103111
10113333331132121111111111111112111111111111113111
10113333333132111111111111111111111111111111111111
10113332333131110111111111111111111111111113111111
10113333333132111111111111111111111111111111111111
10113333333132110111111111111111111111111111111111
10113333333211113111111111111111111111111131111111
10113333331132211111111111111111101111111113111111
10113333233133311111111111111111111111110111111111
11113211111121311111011111111112111111111111313111
11113332111132311111312111111111111110111111311111
10113333333131111111111111111111111111111111311011
10113333333133111211111111111111112111112111111111
10113333333231111111131111111111111111111111111111
10113333333223111111111111111111111111111131111111
11113232123121101311110111111111111101111111311111
10113333333221111011111111111111101111111111111111
10113333333123211111111111111111311111111111013111
10113333333131111111121111111111111111111111111111
11113333311121231111110111111111111111012111111111
10113333331133311111111111111111111111111111311111
11113233111132331111132111111111111111111111111110
10113333333133110111111111111111111111101111111110
11113333211132021111211111111111111111111111111111
10113333333133111111111111111111301111311011111111
10113333333131121111121111111111111111211111111111
11113333112123211111113111111101110110311111121111
21113333222113102111111111111111111011111111111111
30333333333333333333333333333333333333333333333333
10113333333132111111111111111111121111111111111111
10113332331111111111111111111111111111111111111111
30333333333333333333333333333333333333333333333333
11111113111131111111111110111111111111121111111111
10113211331221111211111111111211113111131112111111
10113333332133311111101111111111111111313111111111
10113333333133011111111111111111111111111311111111
11112313112111111111110111111131112111111111021111
10113333332133011111111111111112111111111011111311
11111112111111112111133111111101101112111111311111
11113233111133331111331111111111111111111111110111
10113233113311211121111111111111112111111011111111
10113333333231111111111111111121113111111131111111
11113333112122111111113111111111111111011111131111
10113333333131111111111111111111111111111121111111
11113333311121211111122111111111111111013111111111
10113333332131121111111111111111111111111111121111
10113333331231111111131111111111132111111111111111
11113332111123311311122111111111111211111111111111
12112233311132111111331111111111131311130111121111
10113333333131313111111111111111121111111111111111
10113333332133211111111111111111111111111111131111
10113333333211110111101111111111111111111311111101
10113333333123011111111111111113111111111111111111
10113333333133111111111111111111111111111111111011
10113333333331111111111111111111111111321211111111
10113333333133311111111111111111111111111111131111
10113333333121110111211111111111111111111111111111
10113333333221311111111111111111101111111111111110
10113333333133111111111111111111111111111211011111
10113333331231211111111111111111131111111111111111
10113333333133110111111111111111211111110111111111
11111322111131111111131113111112111111121111133111
10113333333123111111111111111111101111111111110111
10113333331322211111101111111111111111111111121110
30333333333333333333333333333333333333333333333333
10113333333132111111111111111121111111112111111111
10113333333133111111111111111111011111011111101111
10113333332231111111111111111111111111111111101001
10113333333123111111113111111121111111111111111111
10113333333123111111121111111111112111121111211111
10113333331113131111121111111111111111113111111111
11111331211111111111111111112111111011111111130111
10113333333230111111121111111111011111111111111111
10113333332131211111131111111111110111111121111111
10113333333312111111111111111110121111111111111211
10113333333133211111111111111111011111211111111111
30333333333333333333333333333333333333333333333333
30333333333333333333333333333333333333333333333333
10113333333221121111111111111111111111111131111111
32333333333333333333333333333133333333333333333333
21113333322112311111111111111111111011111111100131
10113333333122111111111111111111121111111111101111
10113333333131121111111111111111111111011101111111
10113333333313111111111111111111111111111101121111
10113333333132112111111111111311111111111111311111
10113333332211113111111111111111111111111111111111
10113333333133111111111111111111111111111101110111
10113333333133110111111111111111111111111111111121
10113333333211121111111111111111111111111131111111
10113333333132111111111111111111111111111111111111
10113333233133311111111111111111111111111111101111
30333333333333333333333333333333333333333333333333
30333333333333333333333333333333333333333333333333
11113333211121311211331111111121121111111111111111
10113333333321111111111111111112111111111101311111
10113333333133111111111111111111111111111131131111
11111111113101111121130111111111111110111111111111
10113333333133111111111111111111111111311111111111
10113333333133111111221111111121111111111121111111
30333333333333333333333333333333333333333333333333
10113333332133111211131111111111131111111111111111
10113333333133311111111111111111111111111311111111
10113333333333111111131111111131111111121111111111
10113333333132111111111111111111111111111111111111
11113132111132311111321111111111111111111111011111
11111312111111111111111113111011111111111111111111
10113333333131111111111111111111111111111111311211
10113333333132111111111111111111111111111111111111
12113333333131112111111111111111111311111001111111
10113333332131111111111111111111111113111311111111
10113333333122111111111111111111110111110111111111
10113333332311111111111111111011131111231111111111
10113333331132311111111111111111111111113011111111
10113333333132313111111111111111111111311111111111
10113332333123101111111111111111111111111101111111
10113333233330111111111111111111111111131110111111
30333333333333333333333333333333333333333333333333
10113333333301112111111111111111111111111111111111
11113233111133331111331111111111111111111111110111
10113333333321111111111111111113111111111113111111
10113333331123111111111111111111121111112111112111
10113333333133211311111111111111111111111111111111
10113333331311211311112111111111131111111111113131
10113333333311111111111111111112111111111111101121
10113333333133111111111111111111311111211111311111
11113333121132111111311011111121131111111111111111
10113333331131111111111111111211111110121111111111
10113333333231110311111111111111121111111111011111
30333333333333333333333333333333333333333333333333
11113333311131311111211111111131221110111111111111
10113333332111111111111111111111111110111111111011
10113333233312113111121111111111111111121211111111
30333333333333333333333333333333333333333333333333
11113333211132131111211111111111221111111111112111
10113333333211211111111111111111101111111110111011
10113333333133111311111111111111011111111111111121
10113333333131111111121111111111111111111111111111
10113333332133311111111111111101111111111111111111
10113333333211111101111111111111101111111111111111
10113333333231111111131111111111101111111111111111
10113333333132111111111111111111111111111111111111
10113333331111111111111111111113111111111111111111
12113333323133211111112111111111111311111111111111
10113333331311111111111111111111110111111111111111
10113333333212111111111111111111111111111111111131
10113333333221121101111111111111111111111101111111
10113332331111111111111111111111111111111111111111
10113333333133111111111111111121111111111111113111
10113333333121111111111111111101110111211111111131
30333333333333333333333333333333333333333333333333
10113333333123111111111111111111111111211131111111
10113333333231111111131111111111111111111111111111
10113333333133111111111111111111121112101111111111
10113333223231111111111111111111111111111111112111
11113333211133021111201111111131111111111111111111
10113333333212111111131111111111111111111111311101
11111121111211211111131112111111111011111111011111
10113333331133111111111111111111111111011111111011
10113333333121111111111111111111131111111311111111
10113333333132111111111111111111111111111111111111
10113333331331111111111111111111121111111111111111
10113333333123111011111111111111312111111101111111
10113333333313113311111111111111111111111111111111
11113333111132221111111011111121111111111111111111
11112111111102111111112111111111111111111111111131
10113333333212111111111111111111311111111110131111
10113333333133111111111111111111111111111111111121
10113333333133111111101111111111111111111121111211
10113333332211113111111111111111111111111111111111
10113333333122111111121111111111111111221111111111
10113333333212111111111111111121011111111111111111
10113333333112111111111111111111110111111110011111
30333333333333333333333333333333333333333333333333
11113033311131311111211111111111111111311111111111
10113333333223111111111111111121111111111311101111
10113333323221111111121111111111111111111111111111
10113333131312131111111111111131112111111111113111
10113333333113311111111111111111111111111111112111
10113333333133111111111111111131111111111111121111
11113333211133011211311111111111111111011111111111
10113333333123111111111111111121111111111111131111
10113333333131211211111111111111011111111111111111
10113333321132211111111111111111111111111113111111
11113333331132111111301111111111111111211111311131
30333333333333333333333333333333333333333333333333
10113333333221111111131111111111111111111111111101
10113333333133211111111111111111111111111113111111
10113333333131111111111111111111111111311111131111
10113333333133110111111111111131111111111111111111
10113333333221111111111111111111111111113111011111
10113333333133111311111111111111111111111111111111
13111111111112121111121121111111111111111111111111
10113333331123011111111111111110111111211113111111
10113333333211121111111111111111111111111131111111
10113333333132111101111111111111111111121111211211
10113333333131111111110111111111111111111121111111
10113333332212111111111111111101111111111111111131
30333333333333333333333333333333333333333333333333
10113333333123011111111111111111111111211111101111
10113333333123311111111111111111111111111011111111
10113333333123313111101111111111111111311111111111
10113333333131113311111111111111111111111011111111
10113333333132111111111111111111111111111111111111
10113333333133211111111111111111111111111110111111
10113333333131111111111111111011110111311111111111
11113333111113331111312111111111111111111111210111
10113333333133311111111111111111111111111131111111
32333333333333333333333333333133333333333333333333
30333333333333333333333333333333333333333333333333
11110332113112311111113111111111111211111111321111
10113333333131111111111111111011111111111111111011
10113333333123311111121111111111111111111111111111
10113333333213113131111111111111111111111111111111
10113333333111112111110111111111111111111121111111
11111112111111111111131113111112111111111111111111
30333333333333333333333333333333333333333333333333
10113333333133111111111111111131131111311111111111
10113333333211121111111111111111111111111131111111
10112331232311111111131111111112111111111121111111
10113333333121111111111111111133111111112111111111
10113333333133111111111111111121111111011111111111
11113333131111011121231111111111112111111111313111
10113333333232121111111111111111111111111110101111
10113333333131101111111111111111121111111011311111
30333333333333333333333333333333333333333333333333
10113333333233111111111111111111133111111011111111
10113332331311111111111111111111111111111101121111
10113333333131211111111111111101111111211111111111
11112111111113111111132111111111121111011211111111
11113331131111011111211111111111111211131111111111
33333233333333333333333033333333333323333333333333
10113333333221111311111111111111311111111111111101
10113333331332211111111111111111111111111111113131
10113333233212131111111111111111111111110111111111
10113333311311113101121111111111121111111211111111
10113333333133111111111111111311111111111101131131
10113332311311111111111111111111111111111111111131
10113333331133211111111111111111111111111011131111
10113333333231121111111111111111111111110111111111
11113333131133331111112111111111111111012111111111
10113333333111111110121111111121111111111111131111
10113323233213112111121111111111111111111111111111
10113332233333311111111111111111111111111211111111
10113333231230112111111111111111111111111111111112
10113333331121111111111111111111111111011313111111
10113333333131111111111111111111101111111111111111
01112112111111111111111111111211111101111111131111
11113232311133331111110111111111111110011111111111
10113333321311111111111111111112111111212131111111
10113333333131311111111111111111211111111121111211
10113333333133111111111111111111111111311101111111
10113333333123113011111111111111111111111111111111
10113333333133111111111111111121112111111111111111
30333333333333333333333333333333333333333333333333
10113333333222111111111111111111111111111111111131
10113333333132111111111111111101111111111131111111
10113333333121111111111111111111011111111211110111
21111211111111101111111111111111101111011111111111
10113333333133211101111111111111111111111111111121
10113333333133211111111111111111111111111313111101
10113333333123311111111111111111111111111101111111
11113222211112211111111110111131111111012110113110
10113333333111111111111111111113131111111111111111
10113333333131111111101111111111111111111111111111
10113333333133111111111111111111111111110111211111
10113332333211113211112111111111111111111111110111
11113333111130311111132111111131111131121113111111
10113333333212111111111111111101111111111111111011
11113333311133001311211111111111111111111111111111
10113333333212111121111111111111121111112111121111
11111111111311011111113111111111111111110111111111
10113333333132111111111111111111111111111111111111
10113333331131211111131111111111111111111013111111
10113332333131211111111111111111111111111123111111
10113333333133011111111111111111111111211011111111
10113333332131113111111111111111111111111111011111
11213330311123211111111111111111111011111121111111
11112233111111311111113111111111230111113112111111
10113333332131311111131111111111111110131111111111
12113333333122111111121111111111111311131111111111
10113333332331111111111111111111311111111111011111
10113333332133111111111111111111111111111011111121
10113333333131111111111111111211111111110111111111
10113333333133111111111111111111111111121111211111
10113333331132110211111111111111111111110111111111
30333333333333333333333333333333333333333333333333
10113333333133111111111111111111131111111011111111
10113333333332111111111111111112111111131111111111
10113333332220111101111111111101111111111101111111
10113333233133301111111111111111111111111111111111
10113333333132111111111111111111111111111111111111
10113333233133311111111111111111111112111111111111
10113333333333111111111111111111111111311111231111
10113333333131111111111111111111111111111011121111
10113333333231110111111111111111121111111131111111
11112232211103111113120111111131231111211111111111
10113333333122111111111111111111111111111111131101
10113333333133111311111111111111111111111111111111
10113333333131111111111111111211211111011111111111
10113333332211113111111111111111111111111111111111
11113332211113121111133111111111111111111111111111
10113333331231211111111111111111131111111111111111
10113333333131111111111111111111111111111111101111
10113333333131111111111111111111111111111112111111
10113333333133311111111111111111111111111311111111
10113333333213111111111111111112113110111111111111
10113333333132311111111111111111122111111110111111
10113333333313113111111111111111111111111111111111
10113333333133111111111111111111111111311101111111
21212333212111111211111111111111110011111111102111
10113333333133311111111111111111111111111311111111
10113333333131111111111111111111111111111121111111
10113333233333211111111111111111111111111111211111
10113333333133110111111111111111111111211111110111
10113333333132111111111111111111111111111111111111
10113333333123111111111111111111111111111111110111
10113333333131111111101111111111111111111111021111
10113333333111111111101111111112111111111111111110
12113333232131311111111111111111111311111111112111
11113233111121311121211111111111111121311111101111
10113333333133211111111111111111131111111111111111
10113333333131211111111111111111111111111110111111
10113333333133111111111111111111113111111111101111
10113333333132111311111111111111111111111211111111
10113333233331211101111111111111111111121111111111
10113333321131111111111111111112111111111111111111
30333333333333333333333333333333333333333333333333
10113333333133211111111111111011111111111111111111
10113333332133111111111111111101111111111111111111
11113333311131111311110111111111113111011111111121
21112333221122012131111111111111111012111111111111
10113333333332111111111111111131111111101111111011
30333333333333333333333333333333333333333333333333
30333333333333333333333333333333333333333333333333
10113333333131111101111111111111111111111131111111
10113333333132111111111111111111111111111111111111
10113333332321111111111111111111113111131111111111
10113333331231211111111111111111131111111111111111
11113133311133231113311111111111111111011111111111
11113120211111131131211111111111101112111311111111
10113333333131131111111111111111111111111101101111
10113333333111211101311111111111111111111111111111
30333333332333333323333333333333333333333333333333
10113333332133111111111111111121111111111111111101
10113333333133111111111111111111111111131111112111
10113333333313111111111111111111111111111111210111
32333333333333333333333333333133333333333333333333
10113333333132121111111111111111111111111111121011
11111113211111211111131110111131231111111111100111
10113333313122111111111111111111111110111011111111
10113333233221101111111111111111111111111131111111
10113333333133311111111111111111113111111111111111
10113333333131111101111111111111111111111011111101
10113333333133011111111111111111111111101111111111
10113332232333111111111111111111111111111111111111
10113333331133111111121111111111111111111111112111
11113333221132011111211111111111111111321111111113
10113332333111111111113111111111111111111111111011
30333333333333333333333333333333333333333333333333
10113333313112121111111111111111111111111111111011
11113232111122022111110111111121131211111111111111
10113333332121111111111111111111111111112121111111
10113333233132111111111111111111110111101111111111
30333333333333333333333333333333333333333333333333
10113333333133111111121111111111211111113111111111
10113333331131111111111111111111111113111111111111
10113333333231121111111111111111111111111111301111
11113331311133331113211111111111111111211111311111
10113333333132111111111111111111121111111111111111
10113333333131331111111111111111111111111121111111
10113332333313113111111111111111111111111313111111
10113333331133211111111111111111111111113112111111
32333333333333333333333333333133333333333333333333
10113333333123111111111111111111111111111111131111
10113333333133111131111111111111131111111111111111
10113333333132111111111111111111111112111111111121
10113333333132111111111111111111112111111111111111
11111132211111111311311111111111111301121311011111
10113333332211113111111111111111111111111111111111
11111211211111111111321111111111111111221111111111
30333333333333333333333333333333333333333333333333
10113333331211211111111111111111111111111111111111
10113333333132111111111111111111111111111111111111
30333333333333333333333333333333333333333333333333
10113333333133311111111111111111113111111111111111
11113333211130211211310111111101111112011111111111
30333333333333333333333333333333333333333333333333
10113333333123211111101111111111111111011111111111
10113333233133311111111111111111111111111111111111
10113333332231111111101111111111311111111111111111
10113333332132101111111111111111311111111111111111
10113333333113111111110111111111111111111311111011
11111111112111011111231111111111110111111111111121
10113333332133111111111111111111111111111121111011
10113333332123111111112111111111111111111111201111
10113333333231111111111111111111121111111131111111
10113333333211101311111111111111111111111111111311
10113333333133111111111111111111111111131311111111
10113333332133211111111111111111111111111111111111
10113332333311111111111111111111112111111111111111
10113333333123110011111111111111111111111111111111
10113333233133211111111111111311111111111111110111
10113333331311111111111111111111110111111111111111
11113333311130311111113111111111121121111111112111
10113333332211113111111111111111111111111111111111
10113333333131113111111111111111111111111102101111
10113333333133111111131111111111012111111111131111
10113333333133111111111111111111111111111111110111
10113333331221111111111111111111111111131131113111
11113333311132021311211111111111111111111111111111
10113333333131113311111111111111111111112111311111
10113333333131111111111111111111111111111111101111
10113333333122111111111111111111111111111111111111
10113333333321111111111111111112111111111121111111
10113333333132121211111111111111111111111131111111
10113333333133111111111111111111112111111111111111
10113333321231111111121111111103111111111111111111
10113333333121111111111111111111111112112311111111
10113333333132111111111111111111111111111111111111
10113333333133111111111111111011111111111111111111
10113333333131111111111111111111111112111111121111
10113333333132310111111111111121111111111111111111
10113333333133111111111111111111112111111111111111
10113333333131111111111111111111111111111121131111
10113332331313111311111111111111111111111011111111
10113333333122111111111111111111111111111111311111
30333333333333333333333333333333333333333333333333
10113333331131111111113111111111311111111111111311
10113333333321111111111111111111101111211111211111
10113333333131111111111111111121111111111111111111
10113333333133111111111111111111031111111111111111
10113333233121211111111111111111111111111121111121
11112111111112111111003111111111111111111111311111
10113333322111132111111111111111111011111110111111
10113333333331110111111111111131111111311111111111
10113333332131111111111111111211111111111111111111
10113333333331111011111111111131111111131011111111
11111213111111111111111113111211111111211111111111
30333333333333333333333333333333333333333333333333
10113333333132111111111111111111110111111011111111
10113333332312111111111111111112111111111111011121
11113333111133331111131011111121111111111111111111
10113333333133111111111111111112111111111111131111
11113033311132231111311111111111101121111111111111
10113333323311111111111111111112111111211101111111
10113333332133111111111111111111311111111111111111
10113333333323111111111111111112111111111111111111
10113333333212111111111111111110321111111111111011
30333333333333333333333333333333333333333333333333
11113333111133031112331111111111111121111110111111
10113333333133011111111111111111100111113111111111
10113333333133110111111111111111113111111111101111
11113332113113331111122111111111111211021111111111
10113333331133211111121111111111111111113111111111
10113333333111111111111111111011111111111131111111
10113333333123111311111111111111111111111110011101
10113333333122113111111111111111111111111111111101
11113233311122121211133111111111113111321111111111
10113333333133111111121111111121111111111111111111
10113333333231111111111111111111101111111111211111
10113333333132111111111111111111111111111111111111
30333333333333333333333333333333333333333333333333
10113333333232111111131111111111111111111111111311
10113333333313111111111111111111111111111101121111
30333333333333333333333333333333333333333333333333
11111323311111121211111110111131113111111111312111
10113333333133311111111111111111111111111111111211
10113333333133111111111111111111111111121111111121
10113333331321111111111111111111111111110111112111
10113333333133111111111111111311111111111301111111
10113333313321113011111111111111111111111111112131
10113333333133011111111111111113121111111111111111
10113333333131111111111111111111121111111111111111
11111111111111111323131110111131111111131110111111
10113333333211111101111111111101101111111111111111
11113332112123111111112111111111113211111111231111
11113333311132021111211111111111111111111111111111
30333333333333333333333333333333333333333333333333
11111121111113111111231111111111110111111131111111
30333333333333333333333333333333333333333333333333
10113333333132111111111111111111111111111111111111
10113333331232111111111111111111131111111131111101
10113333333221131111111111111111011111111102111111
10113333233111311111111111111111110111111110211111
30333333333333333333333333333333333333333333333333
10113333333133211111111111111111121111111111111111
30333333333333333333333333333333333333333333333333
10113333133111111111111111111211111111111331110121
10113333333123111111111111111121111111111311111111
10113333233321111111111111111111111111121111111111
10113333333213111211111111111111111111111111111111
10113333333131111111111111111111211111111133111111
10113333332211113111111111111111111111111111111111
11113333311132021111211111111111111111111111111111
10113333333132111111111111111111111111111111111111
11113333311133221111113111111111121121111111110111
10113333333133311111111111111111111111111111131111
10113333233133211111111111111111111111113111111111
32333333333333333333333333333133333333333333333333
10113333333132111111111111111121111111111111111011
10113333333133113111111111111111211111111111111113
10113333333122111111111111111111111111111111311111
11113333131112111111131011111121131111111111311111
10113333333133111111101111111111011111121111111111
10113333333132121111111111111111111111111111101111
10113333333132110111111111111111111111111111111111
11211222311111121111113111111111111011111111121111
10113333333131111111111111111111111111111011111211
10113333331311111111111111111110113111111111121111
10113333333311111131111111111111111111311131111111
10113333233133101111111111111111111111111011111111
10113333333210111111111111111121111111111111111111
10113333331111111111111111111111111111112111111111
10113333333131331111111111111111111111111121111111
10113333233133111111111111111110111110110111122111
10113333333221121111111111111111111111111131111111
10113333333131121111111111111111111111111131311111
11113323131121111111231111111111111112011111311111
10113333333112111111111111111111131111111111131111
10113333333131211111111111111111111111111112311111
10113333333133311111111111111113111111111111111111
10113333332211113111111111111111111111111111111111
10113333333132111111111111111111111111110111121131
10113333333131101111111111111111111112111111111211
10113333333323111111111111111112111111111111111111
30333333333333333333333333333333333333333333333333
11113333311131231111211111111111110111011111113111
10113333333211113111111111111111113111111111122111
10113333333131111211111111111211111111131111111111
10113333333133311111111111111111113111111111111111
10113333333123311111111111111111111111111011111111
10113333333133111011111111111111121111111111111111
10113333333131110111111111111111311111111111111111
10113333333132111111111111111121111111112111111111
10113333333132111111111111111111111111111111111111
10113333333211111111111111111111113112111111113111
10113333333133111111111111111111111111111211011311
10113333333132113111111111111111111112111111101111
10113333333133211111111111111111131111111111111111
10113333331311112111111111111111111111111311110131
10113333333133111211121111111111111111111131111111
10113333333331111211111111111111101111111111110111
21113332121113112111123111111111130011111111111111
10113333333223211111111111111111101111111111111111
10113333333132111111111111111111111111111111111111
10113333332112310111211111111111111111111111111211
10113333333132111211111111111112111113111111121111
10113333333133211111111111111111111111111110111111
10113333333132111111111111111111111111103111111121
10113333333122111111111111111111111111112211111111
11110111111111111111132111111112113111111111211101
10113333333133311111111111111111113111111111111111
10113333323121110211111111111111111112111111111111
10113333333111111111111111111113111111111113111011
10113333333122113111111111111111111111111111111110
10113333332211113111111111111111111111111111111111
30333333333333333333333333333333333333333333333333
10113333332123113311111111111111111111111111111111
10113333333132111111111111111111111111111111111111
30333333333333333333333333333333333333333333333333
10113333333131111111121111111011111111211111111111
10113333233321111111111111111112111111111310110111
10113333333132111111111111111111111111111111111111
10113333332212111111111111111101111111111111111131
10113333333133111111111111111111111111111311111111
10113333333133111211111111111111111111111111111121
10113332233331011011111111111111111111111111111111
10113333131113211111011111111111211111111111111231
11113332111133111111110111111111111113031131011111
10113333333131111111131111111110111111101111111111
10113333331133131311111111111111111111111111111111
10113333233132111111111111111111111111113110111111
10113333333132110211111111111111111111211111111111
11113323211121331111101011111121111111111111011111
30333333333333333333333333333333333333333333333333
10113332333133311111111111111121111110111111111111
10113333333211111111111111111111111110111111111121
10113333333133110111111111111111111111121111111111
30333333333333333333333333333333333333333333333333
10113333333133311111111111111111113111111111111110
10113333333131101111111111111111112111112111111111
10113333333313113111101111111111111111111111111111
11113333311133031111311111111111101111111111111111
10113333332121101111111111111111111111111101311111
30333333333333333333333333333333333333333333333333
30333333333333333333333333333333333333333333333333
10113333333133111111111111111111111111131110111111
10113333331331110111111111111111111111313111111111
10113333333231112211111111111131111112111111111111
10113333333132111111111111111111111111111111111111
10113333201111111311111111111111111111111111111111
10113333333133011211111111111111111111111111011231
10113333333121101111111111111111111111111121111111
10113333333133111111111111111111011111111111111111
11113222111133301311211111111111111111111111111111
10113333333231111111111111111111101111131111111111
21212332212122112111111111111111111011101111011111
11111112111111111111131113111112111111111111111111
10113333233231112111111111111111111111111111112111
30333333333333333333333333333333333333333333333333
10113333331133111111111111111111111111111111112111
10113333333133111111111111111111111111111111111121
10113333233133311111111111111111111111111111111111
10113333333231111111111111111111131111111111211111
10113333323212111111111111111111111111111131111111
10113333333331111111111111111131111111111111310111
10113333333133111111101111111111111111131131011111
10113333333331111111111111111111113112111111311111
11113330212111111111211111111111111111111111111111
11112132122111111211132111111110013011111111211111
11112332211122231111311111111111133111011111131111
10113333331312113111111111111111111111121111113111
11113331311131311111211111111111111112011111111111
10113333333133111111111111111111111111131111112111
10113333233131111111111111111111111111111011112111
10113333331133211111121111111111111111113111111111
10113333233331131111111111111111111111132111111111
10113333333131113301111111111111111111111101111111
10113333333232111111111111111111121111111011111101
10113333333133111111111111111111311111311111111131
10113333333132111111111111111111111111111111331011
10113333333133111111101111111111111111211111111121
10113333333131111111111111111111101111111111111111
10113333333232111111111111111111111111131101101111
10113333333123111121111111111111112111111111111131
10113333333313112111111111111111111111111111133111
10113333332132111311111111111111131111111101110111
10113333333311112111111111111131111111111111111111
10113333233123111111111111111111111111111111112111
30333333333333333333333333333333333333333333333333
22111132311111101111111111111111111011111111111111
10113333333133111111111111111111131111111111111111
10113333331133113311111111111110110111111111111111
10113333333111131111111111111111123111111111111111
10113322333131111111110111111110111113111111111111
10113333332211131111111111111111131111101311111111
10113333333131111111111111111111111111111112111111
10113333333221113111111111111111121111111131111111
10113333332111111111111111111111111111111111111211
10113333333112111111111111111111111111123111111111
10113333332132121111111111111111111111311111111011
10113333333123111111111111111111111111111131101211
10113333333311111111111111111111211111131111111121
11113230211133311111331111111111111111311111111111
10113333333132111111111111111111111111111111111111
10113333333133111111111111111111111111111311111111
10113333333121111111111111111111111110111111311111
10113333331131111011111111111110131111111111111111
10113333333332111111111111111111121111111111111111
10113333333123111111131111111113111111111111111111
10113333333132111111111111111111111111111111101111
10113333333133311111121111111211111111111111111111
10113333333131113111111111111111111111112111021111
10113333233133311111111111111111111111111111111111
10113333323123111111113111111131111111111111111111
30333333333333333333333333333333333333333333333333
10113333333123111111111111111111111111121101211111
12113333333311111111111111111111111311101111110111
10113333331122111111111111111111111011111111111131
10113333333132111111111111111111111111111111121111
10113333333122111111111111111111111111111311211111
10113333333131113111131111111110111111111111111111
10113333333131111111111111111111111111111101111111
10113333333131113131111111111112111111111111111111
30333333333333333333333333333333333333333333333333
10113333333222111111111111111111111111111111111131
10113333333133331211111111111111111111111111111111
10113333333133311111111111111111111111111111101311
10113332333133311111111111111211111111112111111111
32333333333333333333333333333133333333333333333333
10113333332133311111111111111111111111131111111111
10113332233333111111111111111111111111111111111101
10113333332133111111111111111101111111111111111111
10113333332211113111111111111111111111111111111111
10113333332331111111111111111121111111021111111111
10113333312131312211111111111111111111110101112111
10113333333211111111111111111111311111112111111111
10113333332133111111111111111111111111111111111211
10113333333133111111111111111131111111111111111101
10113323233211111111111111111111111111111111111111
10113333332133111111111111111111111111111111111211
30333333333333333333333333333333333333333333333333
11113132311133211131120111111111111111111311011111
10113333323321113311111111111111111111111111111111
12113333333133311111111111111111111311111111111111
11112333111133101311232111111131111111111111111111
10113333333133311111111111111121111111111111113111
10113333333132311111121111111111110111111111111111
10113333311311112111111111111110111111111111111111
10113333332211113111111111111111111111111111111111
10113333333133111111101111111111112111111111111111
10113333333131111111111111111110111111111110101131
10113333333131110211111111111111111111111111101311
10113333332211113111111111111111111111111111111111
10113333333132111111111111111111111111011111111111
10113333333121112111111111111111111111112111111111
11113333213111011101211111111111131111211111111111
30333333333333333333333333333333333333333333333333
10113333333133111111111111111111113111111111133111
10113333333311112111111111111131111111111111111111
10113333333331311111111111111111111111311211111111
10113333333121111311111111111111111111112311111111
10113333331133211111111111111111111111111111313111
10113333321311111211111111111111131111111111130111
11113333111123311111112111111121111112111111111111
10113333332211113111111111111111111111111111111111
10113333233133112111111111111111111112112111111111
10113333333133311111111111111121111111211111111111
11113232211123131113211111111111113113111111111111
11111331311111313211132111111111131110122113110111
10113333333122111311111111111101111111311311111111
10113333333133111121111111111111111111111111111221
30333333333333333333333333333333333333333333333333
10113333331133121111111111111111111111210111113111
11113111111111111121311111111111111111111112101111
10113333333231110111111111111111111111111111221111
10113333333132111111111111111111111111111110111121
10113333333132111111111111111111111111111111101111
10113333333122111111111111111111111111111111311111
10113333333133111111111111111111111111111311111011
10113333332133211111111111111113211111101111111111
10113333333133311111111111111111111111111111111111
10113333333211121111111111111111111111111131111111
10113333333331113311111111111111111111111011111111
10113333331221101111111111111111111111111111111131
11113333311112131111211111111111211112111111131111
10113333333132111111111111111111111111111111111111
10113333331212121111111111111111110111111111101111
10113333333131113111111111111111111111211101111121
10113333333133111111111111111111211111113111101121
30333333333333333333333333333333333333333333333333
10113333333121311111111111111111111111111111211011
10113333333131211111111111111111111111111110111111
10113333333111111111011111111111121111311111111311
10113333333322211111111111111112111111111111111111
10113333332131311011111111111111112111111111101111
11111111311121111311133111111110111111121111101111
10113333333133111111101111111111111111131111111111
11112233111133211211133111111111211111110112111111
10113333333331113111101111111111111111111110131111
30333333333333333333333333333333333333333333333333
11113333131111011121231111111111112111111111313111
10113333333131123111111111111111111113111111111111
11113333311131211111311111111111111110111111110111
10113333332133111111111111111111111111111111131111
10113333333131111101111111111111111111111131111111
10113333333123111111111111111111111111111111131111
10113333233133111111111111111111111111121111112131
10113333233311113311111111111111112111111111111111
10113333333131113111111111111112111111111111131111
10113333333111121111111111111111111111113110111111
11113331111122211211133111111111111111111111111111
10113333333132111111111111111111111111111011111131
30333333333333333333333333333333333333333333333333
10113333333331111111111111111111111111131131111111
10113333332211122111111111111111111111111111211111
10113333333122332111111111111111111111111111111111
30333333333333333333333333333333333333333333333333
10113333333132110111111111111111111111111111111111
10113333331133111111111111111111111111111111113111
10113333333332131111111111111112131111111111111111
10113333333133111111111111111111111111111111110111
10113333331113111111313111111111111111111011111111
32333333333333333333333333333133333333333333333333
10113333333133212111111111111111101111111111113111
10113333331133211111111111111111111111211113111111
11113333311133011111221111111111111111121111111111
10113333333131111111111111111111111113111211111111
10113333333133111111111111111111111111113111111131
10113333333231111011101111111111011111111111111111
32333333333333333333333333333133333333333333333333
10113333333231111111111111111111111111111112111111
10113333333132111111111111111111111111111111111111
10113333333211113111111111111111111112111101111111
10113333333133211111111111111111111111131111111111
10113333333231111111111111111111111110111111111111
10113333333313113121111111111111111111111111211111
10113333331121102311111111111111111111111111111111
10113333332211113111111111111111111111111111111111
30333333333333333333333333333333333333333333333333
11113333111133211311311111111111111111211111110111
10113333333332111111111111111111111111111011111131
10113333333221111111111111111112111111111111311111
10113333333232111111111111111111001111111111111111
10113333331321312311111111111111111111111111111111
11113333311121331111311111111111121111101111111111
10113333333121113111111111111311111111111211131111
10113333333311112111111111111111111112111111113111
10113333333211131111111111111111110111111131111111
10113333333131111111111111111111112111112131111111
10113333333221111111111111111111111111111111101231
11111121311111111313213111111121101111311111111111
10113333333133211111111111111111111111111111111121
10113333333322111311111111111111011111111311111111
10113333333133111311111111111111111111111111111111
10113333331331111111111111111111110111111111113311
11113333311133011113211111111111111111111111101111
10113333333132111111111111111111111111111111111111
10113333333133111111111111111111111113111121111311
10113333333123111211111111111111111111111111113111
10113333333132311311111111111101111111111111111111
10113333333331111111111111111111101111121111111111
12113333333123211111111111111111112311111111111131
30333333333333333333333333333333333333333333333333
10113333333211111111111111111111103110111111111111
10113333333132311111111111111111120111111111121111
10113333333132110111111111111111111111111111111111
10113333333213111211111111111111111111111111111111
10113333333133211111111111111111311111111111111111
11113333211133211111311111111121111111211111110111
10113333333133111111111111111121111111111111111131
10113333333122111111111111111111111111111111311111
10113333331311112111111111111110111111111121111111
21113333311121111131111111111111131011110111111111
10113333333133111111121111111111111111111111111211
10113333333131110111211111111111111111011111111111
10113333323311112111111111111101112111110111111111
10113333333213112111131111111111111111111111101111
10113333333131111111111111111111111111111110311111
10113333331232111111111111111101121111111110111111
10113333312311113231111111111121111111131111111113
10113333333132111111111111111111111111111111121111
10113333333231131111111111111111111112111101111111
10113333333131111111111111111113131111111111111111
10113333333133110111111111111111111111311111111111
10113333233321111111111111111111111111131111113111
10113333333132111111111111111111111111111111111111
10113333333133111111111111111121111111111111111111
10113333333133131111111111111111211111011111111111
10113333333122111111111111111113111111111111011111
10113333333133111111111111111111111111130111111111
10113333333231212111111111111121131111111111111111
10113333332121111101111111111111111111211113111111
10113333332131111111111111111111112111111011111111
11112333311111121111110111111111111111011111111111
10113333333133211111111111111111211111111111111111
10113333333123111121111111111111111111111111131121
10113333332311112111111111111111111111111111111121
10113333333133211111111111111111111111111131111011
10113333333132111111111111111111111111111111111111
10113333333133111211111111111111113111111111111111
11113333221133011311211111111111111110121111111111
10113333333332111111111111111111121111111111111111
10113333321311211211111111111111131111111111130111
10113333233123111111111111111111111113111111111111
30333333333333333333333333333333333333333333333333
11113332111122321111113111111121211111111111111111
10113333333113111111111111111111101111131113111111
10113333233312133311111111111111111111111111111111
10113333333111111111111111111111011111111111111011
11111331131123111111331111111111111111113111031111
10113333333132111111111111111111111111111111111111
10113333331231111111111111111111111111113111131111
10113333333131211111111111111111011111111111111111
10113333333321111101111111111112111111111011111111
10113333333131211111111111111111111113011311111111
10113333331231111111111111111111111111113111131111
10113333332131111111111111111111111110111121111111
30333333333333333333333333333333333333333333333333
10113332333113113111211111111111111111111110111111
11113333311133231111211111111111131111011111111111
10113333333131113211111111111111111111111111131111
10113333331232111311111111111111111111111111111311
10113333323111131111111111111211111111111111111111
11111111111111111110011111111131111111131111111111
10113333333123111111113111111111101111111131111111
10113333333223111111111111111110111112111111111131
10113333233121111111111111111211111111111111222111
10113333333131111111111111111111111111101001111131
30333333333333333333333333333333333333333333333333
10113333231311111111111111111111111111111111013111
10113333333111111111111111111111111112111111111111
10113333333313113111111111111111111111111111111111
10113333333133311111111111111111111111111311111211
10113333233211101111111111111111011111111111111111
11112133111123211111131011111121101111113121111110
30333333333333333333333333333333333333333333333333
10113333333131211111111111111111111111111110111131
10113333333133311111111111111111111111211111111011
10113333332121111111111111111111111111112121111111
10113333331133211111111111111111111111111113111111
10113333333131111111111111111111111113101211111111
30333333333333333333333333333333333333333333333333
10113333332133311111111111111101111111111111111111
10113333333133111111111111111111111111311111111111
11113233211111311111311111111111211111101111121110
10113333232232111111111111111111111111113111111111
10113333333132111111111111111111110111111111131111
10113333233133101111111111111111111111111011111111
10113333333132311011111111111111111111131111111111
10113333333313111111121111111111101111111111211111
10113333332131112111111111111111111113111111111111
10113333333213112211111111111111111111111111111111
10113333333131111111111111111111111111111110211111
10113333333133111111111111111113112111111111111111
30333333333333333333333333333333333333333333333333
10113333333131111311131111111111111111111111111111
10113333333112111111111111111111111111113111111111
10113333331133111111101111111111111111121111112111
10113333333333111111111111111131111111121101111111
10113333333321111111111111111113111111211111211111
10113333331231111111111111111111310111111111311111
30333333333333333333333333333333333333333333333333
10113333333132131111111111111101111111111111121111
10113333330111111111111111111111111111111111111011
11111233121112111111111110111111101111011111112111
10113333333231111111111111111211111111311111111111
10113333333121110011111111111111111111111111111111
10113333333131211111111111111121111111113111111111
10113333333133111111111111111121113111111111111111
10113333333111112111112111111311111111111111011111
10113333333133111111111111111321211111111111311111
11111311110111011111110111111131111111111111111111
10113333333131111111101111111111111111111111111111
10113333333132111111111111111111111111111111111111
10113333333131111111101111111111111111111111111111
10113333333112113111111111111111111111121011111111
10113333333232111111111111111111111111101111211111
10113333333133111111101111111111211111111111111111
30333333333333333333333333333333333333333333333333
11113332111133211111311111111111111110111111011112
11113233111133121113130111111131111111111311111111
10113333333212111111111111111111111111111111111131
11113332211113121311113111111111111111111111112111
10113333333333111111111111111131111112111111211111
10113332331111111111111111111111111111111111111111
10113333333131211111111111111111111111011111111301
10113333333133111111111111111111210111113111111111
11113333211132021111211111111111111111111111111111
10113333333133111111111111111121111111111111111111
10113333333212111111111111111111111111111111111131
10113333333133111111111111111111113111111111111111
10113333333311112111131111111111111111111111113111
30333333333333333333333333333333333333333333333333
10113333331131301111101111111111121111111111111111
10113333332131113101121111111110111111111211111111
30333333333333333333333333333333333333333333333333
10113333333133311111111111111111113111111111111111
10113333333131113111111111111110111111111111131111
10113333331231111111131111111111131111211101111131
10113333333113111111112111111111111111101011311111
10113333333331111111111111111111111111111210111111
30333333333333333333333333333333333333333333333333
11113031211131331111110111111111211111111110111111
11111213111111111111131110111111111111111111111111
10113333332211111111111111111111311111121110111111
10113333333133311111111111111111113111111111211111
10113333333133111111111111111110111111111311111111
10113333333331111111111111111123111111111111111111
11113333211131331311123111111111111111212111011111
10113333333330111111111111111111101113111111111111
10113333331232311311111111111111111113111111113111
10113333333131111111110111111111111111111211111111
10113333333123111111111111111111111111111111131111
10113333333133211111111111111111111111111110111111
10113333333131121111111111111111111111110111301111
10113333233122111111111111111111111111111131312112
11113223211121221111113111111111113131110111311111
10113333332133111111111111111112111111211121112111
10113333232133111111111111111121111111111112111111
10113333333131111111111111111111101111311102111111
10113333333132111111111111111111111111111111111111
32333333333333333333333333333133333333333333333333
10113333332311121111111111111111111111101101111131
10113333333133211111121111111111111111101111111111
10113333333133111111111111111111111111111311111111
10113333333111111111111111111111111111111111111111
10113333332133111111111111111111311111111111111111
10113333331131211111111111111011111112011111111111
10113333333132111111111111111111111111111111101111
11113333211131311111130111111111112111031111111111
10113333333131111111111111111113111111311111111121
10113333332111311111111111111111131111132111111111
10113333333321111111111111111113011111111101111111
10113333333121111111111111111111111110111111111111
10113333333122111111111111111111120111211111111111
10113333333131311111111111111111130111311111111111
30333333333333333333333333333333333333333333333333
21113332112111111111111112111111111011011111131111
11112333111121031111331111111111111111111111011111
10113333333312111211111111111110113111111111111111
10113333331321111111111111111111111111110111112111
30333333333333333333333333333333333333333333333333
10113333333221121111111111111111111111111131111111
10113333333331111111111111111111111111111111311131
10113333333133111111111111111111111111111111111311
10113333333211113121121111111111111111111111111131
21111333222111212111111111111111111021111111111111
10113333331110121311111111111111111111311111111111
10113333333121111311111111111111111111211211111111
30333333333333333333333333333333333333333333333333
10113333331132131111111111111111211111111111111111
10113333333123111101111111111111111111111111111111
10113333333231111111111111111111113111111111110111
30333333333333333333333333333333333333333333333333
10113333331133111011111111111311311111111111131111
10113333333131113111111111111111111113111111111111
10113333333311113111111111111111111111311111130111
10113333333313111111111111111112121111211111111111
10113333333133111111111111111111211111111211111111
10113333333133311111111111111131111111111111111111
10113333333133211111111111111111111111111111131121
10113333233131111111111111111111111111110131110111
10113333333133211111111111111101111111211111111111
10113333333122111111111111111111111111111111311111
10113333333133211111111111111111111111131111111121
11113333121132311111111011111121110111121111111110
10113332333111111111113111111111111111111111111011
10113333333133311111111111111111111111111101211111
10113333333311111111111111111131111111111101011211
10113333333131311111111111111111111111131111111111
30333333333333333333333333333333333333333333333333
11113313211111221211121110111121021111111111121111
10113333333133111111111111111121111111111111111111
12112231231333111111111111111111111311110111111111
10113333232231111111111111111111111111110111213111
10113333333133111111111111111111113111111111111111
30333333333333333333333333333333333333333333333333
30333333333333333333333333333333333333333333333333
11112122111333312111130111111111111113111111111111
10113333333231111111121111111111101111111111111111
10113333331133111101111111111113111111211111111111
30333333333333333333333333333333333333333333333333
10113333333123111111111111111101111111111111111111
10113333332113110111111111111111110111101111111111
10113333331133111111111111111311111111211121111111
10113333333132111111111111111111111111111111111111
10113333333131110311111111111111121111111111111011
10113333332313111111111111111101111111111111211111
10113333333133111111111111111111111111111111111121
11113333131130111211211111111121111110111111111131
30333333333333333333333333333333333333333333333333
10113333333132110111111111111111111111111111311111
10113333333133111111111111111111111111111111121121
10113332231112311111311111111121111111111111111121
10113333333133211111111111111111111111111211111131
10113333123211111111111111111211111111131111111111
10113333333133111111111111111111012111111111111111
10113333333123311111111111111111111111111211111111
10113332333311111111111111111111111111111111102111
10113333333131113311111111111111111111111011111111
10113333333133313111111111111111111111111110311111
10113333333132111111111111111111111111111111111111
10113333332111110111112111111111311111111113101111
10113333332133111111111111111103111111111111011111
10113333333211111111131111111111111112111131111111
10113333333133211111131111111111111111111011111111
11113333311132011113211111111111111111111111111111
10113333333311212121111111111111111111111111111111
10113333333332111111111111111112111111131111111111
30333333333333333333333333333333333333333333333333
10113333333133111111111111111111011111111111111111
10113333333112111111111111111111111111113111111111
10113333333133111211111111111111111111111010111111
10113333333311112111111111111131111111111111111111
10113333333133113111111111111111111111111311111111
10113333333113211111111111111111111111111121113111
21111123121110111211111112111111111011113111111111
10113233223331111111111111111111111111111311111111
30333333333333333333333333333333333333333333333333
10113333332133111111131111111111311111112011111111
10113333333131123131111111111111111111111121111111
10113333333133211311111111111111111111111111111111
10113333333131131111111111111111111111121111111111
10113333332133111111111111111111111111211111112111
10113333333123111111111111111121111111111131111111
10113333332131311111111111111211113111111111111111
11113333311132011111211111111111111111113111111111
10113333333131121111121111111111111111211111111111
11111113311111231111311111111111211111101111111111
10113332333121211111113111111111111011111111111111
10113333333132111111111111111111111111111111111111
10113333331110111111111111111111111111211111111111
10113333333132111111111111111111111111111111111111
30333333333333333333333333333333333333333333333333
11113033311130321111133111111111111111111111131111
10113333333113311111111111111110111111121111111111
30333333333333333333333333333333333333333333333333
30333333333333333333333333333333333333333333333333
11113333311133021111211111111111111111112111111111
30333333333333333333333333333333333333333333333333
30333333333333333333333333333333333333333333333333
30333333333333333333333333333333333333333333333333
30333333333333333333333333333333333333333333333333
30333333333333333333333333333333333333333333333333
33333233333333333333333033333333333323333333333333
30333333333333333333333333333333333333333333333333
30333333333333333333333333333333333333333333333333
30333333333333333333333333333333333333333333333333
30333333333333333333333333333333333333333333333333
30333333333333333333333333333333333333333333333333
30333333333333333333333333333333333333333333333333
30333333333333333333333333333333333333333333333333
30333333333333333333333333333333333333333333333333
32333333333333333333333333333133333333333333333333
30333333333333333333333333333333333333333333333333
30333333333333333333333333333333333333333333333333
30333333333333333333333333333333333333333333333333
30333333333333333333333333333333333333333333333333
30333333333333333333333333333333333333333333333333
30333333333333333333333333333333333333333333333333
30333333333333333333333333333333333333333333333333
30333333333333333333333333333333333333333333333333
30333333333333333333333333333333333333333333333333
30333333333333333333333333333333333333333333333333
30333333333333333333333333333333333333333333333333
30333333333333333333333333333333333333333333333333
30333333333333333333333333333333333333333333333333
30333333333333333333333333333333333333333333333333
30333333333333333333333333333333333333333333333333
30333333333333333333333333333333333333333333333333
30333333333333333333333333333333333333333333333333
30333333333333333333333333333333333333333333333333
30333333333333333333333333333333333333333333333333
30333333333333333333333333333333333333333333333333
30333333333333333333333333333333333333333333333333
30333333333333333333333333333333333333333333333333
30333333333333333333333333333333333333333333333333
30333333333333333333333333333333333333333333333333
30333333333333333333333333333333333333333333333333
30333333333333333333333333333333333333333333333333
30333333333333333333333333333333333333333333333333
30333333333333333333333333333333333333333333333333
30333333333333333333333333333333333333333333333333
30333333333333333333333333333333333333333333333333
30333333333333333333333333333333333333333333333333
30333333333333333333333333333333333333333333333333
30333333333333333333333333333333333333333333333333
30333333333333333333333333333333333333333333333333
30333333333333333333333333333333333333333333333333
30333333333333333333333333333333333333333333333333
30333333333333333333333333333333333333333333333333
30333333333333333333333333333333333333333333333333
30333333333333333333333333333333333333333333333333
32333333333333333333333333333133333333333333333333
30333333333333333333333333333333333333333333333333
30333333333333333333333333333333333333333333333333
30333333333333333333333333333333333333333333333333
30333333333333333333333333333333333333333333333333
30333333333333333333333333333333333333333333333333
30333333333333333333333333333333333333333333333333
30333333333333333333333333333333333333333333333333
30333333333333333333333333333333333333333333333333
32333333333333333333333333333133333333333333333333
30333333333333333333333333333333333333333333333333
30333333333333333333333333333333333333333333333333
30333333333333333333333333333333333333333333333333
30333333333333333333333333333333333333333333333333
30333333333333333333333333333333333333333333333333
30333333333333333333333333333333333333333333333333
30333333333333333333333333333333333333333333333333
30333333333333333333333333333333333333333333333333
30333333333333333333333333333333333333333333333333
30333333333333333333333333333333333333333333333333
30333333333333333333333333333333333333333333333333
32333333333333333333333333333133333333333333333333
30333333333333333333333333333333333333333333333333
32333333333333333333333333333133333333333333333333
30333333333333333333333333333333333333333333333333
30333333333333333333333333333333333333333333333333
30333333333333333333333333333333333333333333333333
30333333333333333333333333333333333333333333333333
30333333333333333333333333333333333333333333333333
30333333333333333333333333333333333333333333333333
30333333333333333333333333333333333333333333333333
30333333333333333333333333333333333333333333333333
30333333333333333333333333333333333333333333333333
32333333333333333333333333333133333333333333333333
30333333333332333333333333333332333333333333333333
30333333333333333333333333333333333333333333333333
30333333333333333333333333333333333333333333333333
30333333333333333333333333333333333333333333333333
30333333333333333333333333333333333333333333333333
30333333333333333333333333333333333333333333333333
30333333333333333333333333333333333333333333333333
30333333333333333333333333333333333333333333333333
30333333333333333333333333333333333333333333333333
30333333333333333333333333333333333333333333333333
